#0004
104.50514
106.42158
108.23350
113.39940
126.82428
134.96150
144.68706
153.50226
154.57691
177.80485
179.50244
194.16771
212.73587
215.17235
219.25010
220.30163
231.32018
236.55278
236.55668
247.56227
269.07874
273.46252
276.42650
284.08622
285.03579
315.63537
319.88501
320.51353
324.00571
325.26178
325.89119
330.51400
337.45872
341.48233
341.65355
353.95922
359.37456
360.27596
363.43345
364.11512
366.22505
374.39110
375.70126
383.68335
385.80038
386.23237
391.33982
393.58774
398.60673
400.55703
404.52648
429.33226
429.97541
439.58924
444.43800
445.66908
455.26343
465.64725
468.85817
487.74170
488.45109
491.80653
495.96083
509.82924
517.94234
521.69921
528.07197
537.03594
540.86554
544.83186
556.63361
563.44293
567.00554
569.22488
570.33427
571.88534
572.01752
573.65265
577.99079
579.50445
598.93674
610.71895
612.59317
617.71639
632.83790
634.78130
635.40171
641.26516
642.01774
659.64655
661.03065
670.48370
678.23223
704.81638
709.34806
711.09412
748.72863
756.91684
761.21223
763.11324
781.91843
786.53548
788.61128
791.31222
797.72253
798.24721
810.65907
825.22275
834.91266
856.32496
867.58021
871.78943
874.18277
884.98220
902.31156
907.30509
924.29364
930.56193
936.48436
938.07461
961.11953
961.72373
961.72755
963.14479
964.32960
969.00002
969.75189
972.00103
973.25922
974.95014
982.51537
985.18565
991.64312
994.18914
1006.36816
1030.54284
1045.53174
1045.56188
1045.60513
1062.95865
1063.32053
1072.08916
1081.71611
1087.80622
1092.10180
1098.99408
1106.95996
1112.52955
1118.46713
1123.17738
1126.96538
1139.73671
1142.38329
1147.24584
1148.60910
1151.00532
1151.85566
1153.47029
1154.05666
1155.84146
1160.57391
1172.71754
1201.48290
1202.27342
1207.19319
1211.76373
1218.15900
1237.03787
1238.45288
1246.18517
1253.65646
1268.11061
1274.42608
1288.14628
1292.79256
1304.00899
1311.34243
1322.86755
1327.03870
1337.50244
1349.83875
1356.68414
1357.91908
1361.80960
1364.00298
1373.54189
1385.21276
1386.07937
1392.37721
1395.88875
1427.13566
1430.67729
1436.35085
1441.08166
1443.20092
1447.51634
1451.78791
1454.76522
1456.23947
1461.44775
1465.37030
1468.89462
1477.03749
1478.60736
1521.29317
1528.80758
1539.49055
1540.20584
1543.00134
1545.51453
1558.41357
1576.16076
1576.96402
1579.64889
1589.37163
1592.01746
1607.34011
1611.96511
1615.32473
1630.87209
1642.25928
1645.01836
1647.88911
1653.51501
1674.16806
1680.18701
1680.75187
1682.14091
1687.97221
1690.92027
1691.56965
1707.77334
1709.68326
1711.83612
1712.04544
1715.94263
1721.36107
1721.52777
1754.75414
1758.28977
1758.36555
1764.00715
1764.50642
1765.33830
1768.46510
1777.26006
1787.36340
1829.75547
1832.15317
1832.49354
1875.76483
1890.38923
1893.35411
1897.21812
1914.49742
1916.76118
1916.86830
1923.28483
1951.28792
1951.71487
1953.67260
1965.98819
1966.01473
1983.96709
1986.63669
1988.08106
1991.26268
1999.70479